0000000000000000
0000000000000000
0000000001110000
0000011101010111
0000111100011111
0001000000000000
0000111111011111
0000000110100001
0000101010101010
0000101110111011
0000111111001111
0000111111001111
0000111111011111
0000111111001111
0000110010001100
0000111111011111
0000111111001111
0000111111001111
0000110101101101
0000101010001010
0000101010001010
0000111000011110
0000111111011111
0000111111001111
0000111111001111
0000001010000010
0000000000000000
0000000000000000
0000111000101110
0001000000000000
0000111111011111
0000101010001010
0000000000000000
0000000000000000
0000000000000000
0000100101101001
0000111111011111
0000111111001111
0000101010001010
0000000000000000
0000000000000000
0000000000000000
0000011100010111
0000111111011111
0000111111001111
0000101010001010
0000000000000000
0000000000000000
0000000000000000